%% PCA for traditional feature
%{
D=A1(:,1:7);
A=[0.978650500444522	-0.04051810293464223	-0.15552286556003148
0.9749093965426294	0.03340183890963888	-0.1706169683068691
0.8441132025309299	0.4888526581168744	0.1494714170843013
0.6952900771377577	-0.6697189513976204	0.20765994889354367
0.6936866689807879	-0.6766274541757233	0.1991781844295949
0.6172336364303994	0.6755934448977272	-0.3865349561905477
0.19020275426739094	0.591262204308361	0.7802150041114622];
T1=A(:,1)./sqrt(4.003);
T2=A(:,2)./sqrt(1.954);
T3=A(:,3)./sqrt(0.917);
dowmdata=[D*T1,D*T2,D*T3];
%}

%% PCA for fractal feature
D=A1(:,8:12);
A=[0.9883982796793956	0.05459823953168535
0.971305608554297	0.06580458234517854
0.9381990339039131	0.044550235474880434
0.8447918365017087	0.3851644148904573
-0.6764647735469809	0.7170542002902071];
T1=A(:,1)./sqrt(3.972);
T2=A(:,2)./sqrt(0.672);
dowmdata=[D*T1,D*T2];